free_thresh: 0.196
image: garage.pgm
negate: 0
occupied_thresh: 0.65
origin: [0.14999999999999, 0.400000000000006, 0.0]
resolution: 0.05
