free_thresh: 0.196
image: cropped.pgm
negate: 0
occupied_thresh: 0.65
origin: [-0.2699999999999996, -0.20999999999999974, 0.0]
resolution: 0.01
