free_thresh: 0.196
image: home.pgm
negate: 0
occupied_thresh: 0.65
origin: [-0.2699999999999996, -0.21999999999999975, 0.0]
resolution: 0.01
