free_thresh: 0.196
image: house.pgm
negate: 0
occupied_thresh: 0.65
origin: [-17.19999999999999, -0.19999999999998863, 0.0]
resolution: 0.05
