free_thresh: 0.196
image: lab1.pgm
negate: 0
occupied_thresh: 0.65
origin: [-18.849999999999998, -13.849999999999998, 0.0]
resolution: 0.05
