free_thresh: 0.196
image: office2.pgm
negate: 0
occupied_thresh: 0.65
origin: [-13.799999999999997, -12.899999999999999, 0.0]
resolution: 0.05
